  6.8431550e-001  6.5099807e-001
  1.8096091e-001  1.9746009e-001
  4.2232675e-001  4.2923064e-001
  8.4176137e-001  8.0807907e-001
  3.4829338e-002  1.9313667e-002
  2.9333416e-001  2.5199738e-001
  2.8177158e-001  2.9148706e-001
  9.8724345e-001  9.5784278e-001
  7.3267077e-001  7.5350402e-001
  4.1783171e-001  4.2710016e-001
  3.3014064e-001  3.7843588e-001
  8.5069316e-001  8.5206673e-001
  4.8207050e-001  4.3603840e-001
  7.1797006e-001  7.5403585e-001
  3.6297093e-001  3.6167737e-001
  3.6746858e-001  3.9213140e-001
  7.1374312e-001  7.6148863e-001
  1.2289805e-001  1.7104654e-001
  5.6876136e-001  5.3892872e-001
  8.6767863e-001  8.4653969e-001
  3.7086553e-001  3.8052789e-001
  6.0920713e-001  5.8289175e-001
  9.7420172e-001  9.3576893e-001
  8.6144422e-001  8.4919745e-001
  6.2833920e-001  5.9154399e-001
  6.5456183e-001  6.6440160e-001
  6.1914669e-001  6.2406118e-001
  9.0512003e-001  8.9287908e-001
  6.0531247e-001  6.1460627e-001
  3.9058432e-001  3.9947645e-001
  4.2126326e-001  4.5057016e-001
  6.5575734e-001  6.6085619e-001
  9.6771572e-001  9.9334330e-001
  7.0392631e-001  6.8899600e-001
  1.5580560e-001  1.7219442e-001
  3.1170959e-001  2.8799200e-001
  9.9599774e-001  9.7950231e-001
  1.4260794e-001  1.0546016e-001
  2.8827806e-001  2.8594991e-001
  3.1625794e-001  2.7397524e-001
  7.6795831e-001  7.7797198e-001
  3.1481972e-001  3.1994743e-001
  3.1834689e-001  2.8163960e-001
  3.0614114e-001  3.3505525e-001
  9.8065533e-001  9.4808325e-001
  9.0964330e-001  9.3938029e-001
  9.4421220e-001  9.0913657e-001
  7.1999420e-001  7.2755150e-001
  8.8964914e-001  9.0569614e-001
  2.3946802e-001  2.8536332e-001
  2.7840551e-001  3.1404086e-001
  9.3310387e-001  9.0598093e-001
  3.2919149e-001  3.0077342e-001
  1.8288510e-001  1.3936430e-001
  1.4141819e-001  1.1968668e-001
  5.5962964e-001  5.2677381e-001
  1.1751309e-001  1.4325375e-001
  4.3802311e-001  3.8986290e-001
  8.9043289e-001  8.5248357e-001
  3.5424834e-001  3.6777508e-001
  8.6519567e-001  8.5305406e-001
  8.6105160e-001  8.4051517e-001
  3.2637358e-001  3.0666279e-001
  4.4650141e-001  4.4751414e-001
  7.9446095e-001  7.5503820e-001
  2.8320602e-001  2.5050384e-001
  6.9649170e-001  7.0143266e-001
  8.8510308e-001  8.9802149e-001
  9.5537164e-001  9.4668370e-001
  1.6064783e-001  1.9386198e-001
  3.3680847e-002  3.9201994e-003
  2.3004211e-001  2.3751287e-001
  6.9723105e-001  6.5908180e-001
  1.0382830e-001  5.5323088e-002
  1.2151150e-001  1.0276999e-001
  8.6836018e-001  8.8862115e-001
  8.2757867e-001  8.0128952e-001
  1.4882445e-001  1.8317423e-001
  5.3816743e-001  5.5657340e-001
  7.4211356e-001  7.8850509e-001
  5.4796812e-001  5.0991777e-001
  5.5065548e-001  5.1586125e-001
  8.5901989e-001  8.6507483e-001
  7.4170527e-001  7.7125298e-001
  6.6422888e-001  6.5517040e-001
  4.9581756e-001  4.4682561e-001
  5.1415700e-001  4.7944850e-001
  7.0779304e-001  7.4005375e-001
  7.1320572e-001  6.7854790e-001
  8.5554328e-001  8.9951773e-001
  2.3601902e-001  1.9819002e-001
  5.3382063e-001  4.9530920e-001
  2.4073046e-001  2.5810152e-001
  7.0102575e-001  7.1564010e-001
  6.7848799e-001  6.4183490e-001
  3.1380012e-001  3.1613548e-001
  9.2073088e-001  9.4346881e-001
  9.1838535e-001  8.8950101e-001
  3.3518860e-001  2.9543540e-001
  2.7339423e-001  2.5203765e-001
  3.6595392e-001  3.3926487e-001
  9.6676325e-001  9.2611411e-001
  7.4620212e-001  7.4058433e-001
  3.1649809e-001  2.8595201e-001
  2.0927673e-001  1.8968884e-001
  5.1840948e-001  5.5012753e-001
  8.0416272e-001  7.9263508e-001
  7.0555892e-001  6.6724224e-001
  8.7278404e-001  8.4151278e-001
  9.4345666e-001  9.8179783e-001
  9.4053108e-001  9.7491747e-001
  5.8615169e-001  5.3670210e-001
  2.4099935e-001  2.1479940e-001
  6.2322153e-001  6.0511823e-001
  3.7680835e-003  4.8039726e-002
  1.8556569e-001  1.5057628e-001
  8.2825662e-001  8.1707895e-001
  2.0738069e-001  2.1861430e-001
  9.4724760e-001  9.2154447e-001
  6.6380916e-001  6.5333437e-001
  1.7649235e-001  1.5455924e-001
  1.5868688e-001  2.0465168e-001
  9.1770049e-001  9.2568511e-001
  5.6384597e-001  5.2127734e-001
  1.0266788e-001  1.3444228e-001
  3.7171409e-001  4.0441816e-001
  1.0067494e-001  1.2357734e-001
  6.1320639e-001  6.2523821e-001
  7.1400402e-001  7.1134832e-001
  4.1639278e-002  8.8396090e-002
  7.2701623e-001  7.4423773e-001
  3.7253822e-001  4.0176322e-001
  6.1577563e-001  6.1247463e-001
  5.0327698e-001  5.3099515e-001
  4.2451952e-002  1.9609389e-001
  4.2418998e-001  8.1508227e-001
  8.3241373e-002  6.1223273e-001
  1.8883614e-001  8.5515499e-001
  5.8452534e-002  8.6157254e-001
  9.4490083e-001  8.2170419e-001
  5.6662505e-001  9.7469738e-001
  1.2043067e-001  4.5608211e-001
  4.8217316e-001  7.3646572e-001
  6.2653563e-001  3.4043452e-001
  2.7294383e-001  1.6031498e-001
  9.7914116e-001  8.4661128e-001
  5.6670268e-001  9.9500042e-001
  2.8919410e-001  8.7266392e-001
  3.6209744e-001  2.2046606e-001
  5.6207036e-001  1.7431764e-001
  2.6531873e-001  5.1321014e-001
  7.6468975e-002  7.1648001e-003
  9.9551667e-001  7.7773380e-001
  8.9466724e-001  7.6582083e-001
  5.4708293e-001  8.0749426e-001
  3.1935910e-001  2.9589803e-001
  5.6456192e-001  3.9592529e-002
  4.5621504e-001  2.5922425e-001
  2.6036138e-002  3.2274583e-001
  4.7569240e-001  3.2324553e-001
  7.8555509e-001  2.8877651e-001
  4.7907189e-001  7.8067745e-001
  4.6533623e-001  2.8597998e-001
  5.1972858e-001  2.3370123e-001
  3.7028998e-001  5.2955372e-002
  7.2661658e-001  2.0773679e-001
  5.0546032e-001  7.9318880e-001
  8.8969670e-001  9.8462881e-002
  3.8903878e-001  6.8926359e-001
  4.8402621e-001  2.2340731e-001
  5.1453063e-001  2.3578689e-001
  7.0284551e-001  1.5696974e-001
  3.2020395e-001  2.3820214e-001
  2.0089389e-001  5.7604958e-001
  2.6359891e-001  8.1207597e-001
  3.7375551e-001  1.8537677e-001
  2.3463252e-001  5.3214655e-001
  3.5343955e-001  7.8473431e-001
  3.4862300e-002  6.8573721e-001
  9.8252326e-001  8.0415966e-001
  7.4629019e-001  7.3853332e-002
  9.7165737e-001  9.2085257e-001
  8.2577176e-001  3.2212715e-001
  4.0740473e-001  7.0200143e-001
  7.3770815e-001  3.0270771e-001
  7.2837658e-001  5.7608199e-001
  6.8743505e-002  7.3975133e-001
  8.8455862e-001  3.1569817e-001
  6.3134889e-001  4.7627799e-001
  1.9638336e-001  7.8273524e-001
  4.4812693e-002  2.0022214e-001
  3.2486744e-001  1.2424581e-001
  2.6415546e-001  7.5803922e-001
  4.8829549e-001  9.7687180e-001
  7.7685348e-001  9.3875422e-001
  1.2999927e-002  8.5775085e-001
  5.3717991e-001  6.8720011e-001
  5.9153195e-001  1.9639379e-001
  2.9782293e-001  5.4652180e-001
  8.7204307e-001  9.6479863e-003
