  2.7415287e+003  4.6394822e+002
  2.7469689e+003  6.3628686e+002
  2.7527807e+003  8.1211982e+002
  2.7588362e+003  9.8621527e+002
  2.7659604e+003  1.1633022e+003
  2.7728263e+003  1.3396632e+003
  2.7803319e+003  1.5186914e+003
  2.7876756e+003  1.6978217e+003
  2.7957344e+003  1.8804391e+003
  2.8026077e+003  2.0620200e+003
  2.5701498e+003  4.6521099e+002
  2.5739299e+003  6.3887090e+002
  2.5785667e+003  8.1387277e+002
  2.5836114e+003  9.8954788e+002
  2.5894333e+003  1.1656042e+003
  2.5955867e+003  1.3427137e+003
  2.6023633e+003  1.5211141e+003
  2.6091081e+003  1.7009298e+003
  2.6164901e+003  1.8824897e+003
  2.6251482e+003  2.0657990e+003
  2.3945545e+003  4.6702301e+002
  2.3998285e+003  6.4080494e+002
  2.4031382e+003  8.1655331e+002
  2.4078010e+003  9.9191397e+002
  2.4130710e+003  1.1685342e+003
  2.4187094e+003  1.3453555e+003
  2.4246365e+003  1.5236837e+003
  2.4310759e+003  1.7038381e+003
  2.4373761e+003  1.8853683e+003
  2.4449392e+003  2.0686288e+003
  2.2221279e+003  4.6852422e+002
  2.2251071e+003  6.4273223e+002
  2.2287623e+003  8.1825179e+002
  2.2328470e+003  9.9436006e+002
  2.2375228e+003  1.1709814e+003
  2.2425239e+003  1.3483503e+003
  2.2478113e+003  1.5269202e+003
  2.2534117e+003  1.7071939e+003
  2.2588539e+003  1.8887454e+003
  2.2662224e+003  2.0727245e+003
  2.0466611e+003  4.6877541e+002
  2.0503896e+003  6.4388127e+002
  2.0538196e+003  8.1945213e+002
  2.0577539e+003  9.9590108e+002
  2.0617581e+003  1.1731629e+003
  2.0661340e+003  1.3511546e+003
  2.0707147e+003  1.5304474e+003
  2.0753154e+003  1.7109284e+003
  2.0801352e+003  1.8928843e+003
  2.0860294e+003  2.0767531e+003
  1.8731116e+003  4.6820063e+002
  1.8753795e+003  6.4421163e+002
  1.8787773e+003  8.2028241e+002
  1.8824460e+003  9.9726033e+002
  1.8863948e+003  1.1753536e+003
  1.8900139e+003  1.3543261e+003
  1.8936227e+003  1.5339696e+003
  1.8977372e+003  1.7150727e+003
  1.9020771e+003  1.8978296e+003
  1.9072820e+003  2.0824016e+003
  1.6954082e+003  4.6724989e+002
  1.6984672e+003  6.4400603e+002
  1.7013731e+003  8.2080047e+002
  1.7047484e+003  9.9868046e+002
  1.7078891e+003  1.1775435e+003
  1.7113075e+003  1.3572535e+003
  1.7147049e+003  1.5378678e+003
  1.7182518e+003  1.7195118e+003
  1.7221509e+003  1.9028004e+003
  1.7255291e+003  2.0880319e+003
  1.5188526e+003  4.6651658e+002
  1.5206471e+003  6.4379809e+002
  1.5232401e+003  8.2163467e+002
  1.5257240e+003  1.0003903e+003
  1.5283462e+003  1.1798279e+003
  1.5311476e+003  1.3603754e+003
  1.5345419e+003  1.5417660e+003
  1.5375710e+003  1.7244575e+003
  1.5406474e+003  1.9085515e+003
  1.5442331e+003  2.0946795e+003
  1.3383269e+003  4.6514257e+002
  1.3413583e+003  6.4370433e+002
  1.3436792e+003  8.2227946e+002
  1.3457959e+003  1.0017792e+003
  1.3480180e+003  1.1822612e+003
  1.3503274e+003  1.3634108e+003
  1.3531241e+003  1.5459048e+003
  1.3557360e+003  1.7295682e+003
  1.3580057e+003  1.9149567e+003
  1.3598752e+003  2.1019730e+003
  1.1574234e+003  4.6258878e+002
  1.1593312e+003  6.4260936e+002
  1.1615386e+003  8.2246214e+002
  1.1633768e+003  1.0030791e+003
  1.1652947e+003  1.1845123e+003
  1.1672029e+003  1.3667015e+003
  1.1690992e+003  1.5503856e+003
  1.1709114e+003  1.7353756e+003
  1.1724150e+003  1.9219694e+003
  1.1742873e+003  2.1104003e+003
  9.7193195e+002  4.5996552e+002
  9.7505101e+002  6.4068242e+002
  9.7729879e+002  8.2212749e+002
  9.7897319e+002  1.0040699e+003
  9.8023117e+002  1.1866330e+003
  9.8160011e+002  1.3703029e+003
  9.8296354e+002  1.5553142e+003
  9.8372130e+002  1.7419301e+003
  9.8447464e+002  1.9303376e+003
  9.8446519e+002  2.1201547e+003
  7.8502651e+002  4.5553772e+002
  7.8680011e+002  6.3813617e+002
  7.8887266e+002  8.2117211e+002
  7.9049611e+002  1.0046915e+003
  7.9163114e+002  1.1890343e+003
  7.9244719e+002  1.3742149e+003
  7.9284468e+002  1.5609088e+003
  7.9264262e+002  1.7494374e+003
  7.9256411e+002  1.9390839e+003
  7.9324671e+002  2.1302418e+003
  5.9273916e+002  4.5261279e+002
  5.9534727e+002  6.3625298e+002
  5.9723775e+002  8.2061618e+002
  5.9853732e+002  1.0056513e+003
  5.9906487e+002  1.1913832e+003
  5.9883060e+002  1.3783590e+003
  5.9953243e+002  1.5677328e+003
  5.9830879e+002  1.7567172e+003
  5.9688236e+002  1.9486374e+003
  5.9777286e+002  2.1398176e+003
  4.0123129e+002  4.4939646e+002
  4.0149187e+002  6.3317180e+002
  4.0247752e+002  8.2067704e+002
  4.0321822e+002  1.0059306e+003
  4.0303558e+002  1.1946795e+003
  4.0362004e+002  1.3821952e+003
  4.0305335e+002  1.5732409e+003
  4.0220414e+002  1.7636831e+003
  4.0167344e+002  1.9571098e+003
  4.0203768e+002  2.1507620e+003
